18 18 18 18 18 18 18 18 18 18 18 18 18 18 18 18 18 18 18 18 18 18 18 18 18 18 18 18 18 18 18 18 18 18 18 18 18 18 18 18 18 18 18 18 18 18 18 18 18 18 18 18 18 18 18 18 18 18 18 18 18 18 18 18 18 18 18 18 18 18 18 18 18 18 18 18 18 18 18 18 18 18 18 18 18 18 18 18 18 18 18 18 18 18 18 18 18 18 18 18 
18 18 18 18 18 18 18 18 18 18 18 18 18 18 18 18 18 18 18 18 18 18 18 18 18 18 18 18 18 18 18 18 18 18 18 18 18 18 18 18 18 18 18 18 18 18 18 18 18 18 18 18 18 18 18 18 18 18 18 18 18 18 18 18 18 18 18 18 18 18 18 18 18 18 18 18 18 18 18 18 18 18 18 18 18 18 18 18 18 18 18 18 18 18 18 18 18 18 18 18 
18 18 18 18 18 18 18 18 18 18 18 18 18 18 18 18 18 18 18 18 18 18 18 18 18 18 18 18 18 18 18 18 18 18 18 18 18 18 18 18 18 18 18 18 18 18 18 18 18 18 18 18 18 18 18 18 18 18 18 18 18 18 18 18 18 18 18 18 18 18 18 18 18 18 18 18 18 18 18 18 18 18 18 18 18 18 18 18 18 18 18 18 18 18 18 18 18 18 18 18 
18 18 18 18 18 18 18 18 18 18 18 18 18 18 18 18 18 18 18 18 18 18 18 18 18 18 18 18 18 18 18 18 18 18 18 18 18 18 18 18 18 18 18 18 18 18 18 18 18 18 18 18 18 18 18 18 18 18 18 18 18 18 18 18 18 18 18 18 18 18 18 18 18 18 18 18 18 18 18 18 18 18 18 18 18 18 18 18 18 18 18 18 18 18 18 18 18 18 18 18 
18 18 18 18 18 18 18 18 18 18 18 18 18 18 18 18 18 18 18 18 18 18 18 18 18 18 18 18 18 18 18 18 18 18 18 18 18 18 18 18 18 18 18 18 18 18 18 18 18 18 18 18 18 18 18 18 18 18 18 18 18 18 18 18 18 18 18 18 18 18 18 18 18 18 18 18 18 18 18 18 18 18 18 18 18 18 18 18 18 18 18 18 18 18 18 18 18 18 18 18 
18 18 18 18 18 18 18 18 18 18 18 18 18 18 18 18 18 18 18 18 18 18 18 18 18 18 18 18 18 18 18 18 18 18 18 18 18 18 18 18 18 18 18 18 18 18 18 18 18 18 18 18 18 18 18 18 18 18 18 18 18 18 18 18 18 18 18 18 18 18 18 18 18 18 18 18 18 18 18 18 18 18 18 18 18 18 18 18 18 18 18 18 18 18 18 18 18 18 18 18 
18 18 18 18 18 18 18 18 18 18 18 18 18 18 18 18 18 18 18 18 18 18 18 18 18 18 18 18 18 18 18 18 18 18 18 18 18 18 18 18 18 18 18 18 18 18 18 18 18 18 18 18 18 18 18 18 18 18 18 18 18 18 18 18 18 18 18 18 18 18 18 18 18 18 18 18 18 18 18 18 18 18 18 18 18 18 18 18 18 18 18 18 18 18 18 18 18 18 18 18 
18 18 18 18 18 18 18 18 18 18 18 18 18 18 18 18 18 18 18 18 18 18 18 18 18 18 18 18 18 18 18 18 18 18 18 18 18 18 18 18 18 18 18 18 18 18 18 18 18 18 18 18 18 18 18 18 18 18 18 18 18 18 18 18 18 18 18 18 18 18 18 18 18 18 18 18 18 18 18 18 18 18 18 18 18 18 18 18 18 18 18 18 18 18 18 18 18 18 18 18 
18 18 18 18 18 18 18 18 18 18 18 18 18 18 18 18 18 18 18 18 18 18 18 18 18 18 18 18 18 18 18 18 18 18 18 18 18 18 18 18 18 18 18 18 18 18 18 18 18 18 18 18 18 18 18 18 18 18 18 18 18 18 18 18 18 18 18 18 18 18 18 18 18 18 18 18 18 18 18 18 18 18 18 18 18 18 18 18 18 18 18 18 18 18 18 18 18 18 18 18 
18 18 18 18 18 18 18 18 18 18 18 18 18 18 18 18 18 18 18 18 18 18 18 18 18 18 18 18 18 18 18 18 18 18 18 18 18 18 18 18 18 18 18 18 18 18 18 18 18 18 18 18 18 18 18 18 18 18 18 18 18 18 18 18 18 18 18 18 18 18 18 18 18 18 18 18 18 18 18 18 18 18 18 18 18 18 18 18 18 18 18 18 18 18 18 18 18 18 18 18 
18 18 18 18 18 18 18 18 18 18 18 18 18 18 18 18 18 18 18 18 18 18 18 18 18 18 18 18 18 18 18 18 18 18 18 18 18 18 18 18 18 18 18 18 18 18 18 18 18 18 18 18 18 18 18 18 18 18 18 18 18 18 18 18 18 18 18 18 18 18 18 18 18 18 18 18 18 18 18 18 18 18 18 18 18 18 18 18 18 18 18 18 18 18 18 18 18 18 18 18 
18 18 18 18 18 18 18 18 18 18 18 18 18 18 18 18 18 18 18 18 18 18 18 18 18 18 18 18 18 18 18 18 18 18 18 18 18 18 18 18 18 18 18 18 18 18 18 18 18 18 18 18 18 18 18 18 18 18 18 18 18 18 18 18 18 18 18 18 18 18 18 18 18 18 18 18 18 18 18 18 18 18 18 18 18 18 18 18 18 18 18 18 18 18 18 18 18 18 18 18 
18 18 18 18 18 18 18 18 18 18 18 18 18 18 18 18 18 18 28 26 26 26 26 29 18 18 18 18 18 18 18 18 18 18 18 18 18 18 18 18 18 18 18 18 18 18 18 18 18 18 18 18 18 18 18 18 18 18 18 18 18 18 18 222 18 18 18 18 18 18 18 18 18 18 18 18 18 18 18 18 18 18 18 18 18 18 18 18 18 18 18 18 18 18 18 18 18 18 18 18 
18 18 18 18 18 18 18 18 18 18 18 18 18 18 18 18 28 26 27 222 222 222 222 25 26 26 26 26 26 26 26 29 18 18 18 18 18 18 18 18 18 18 18 18 18 18 18 18 18 18 18 18 18 18 18 18 18 18 18 18 18 18 18 18 18 18 18 18 18 18 18 18 18 18 18 18 18 18 18 18 18 18 18 18 18 18 18 18 18 18 18 18 18 18 18 18 18 18 18 18 
18 18 18 18 18 18 18 18 18 18 18 18 28 26 26 26 27 221 222 222 221 221 221 221 221 221 222 222 222 222 222 25 26 26 26 26 29 18 18 18 18 18 18 18 18 18 18 18 18 18 18 18 18 18 18 18 18 18 18 18 18 18 18 18 18 18 18 18 18 18 18 18 18 18 18 18 18 18 18 18 18 18 18 18 18 18 18 18 18 18 18 18 18 18 18 18 18 18 18 18 
18 18 18 18 18 18 18 18 18 18 18 28 27 222 222 222 222 221 222 222 222 270 222 222 221 221 221 221 221 222 222 222 222 222 222 222 25 26 26 26 26 26 29 18 18 18 18 18 18 18 18 18 18 18 18 18 18 18 18 18 18 18 18 18 18 18 18 18 18 18 18 18 18 18 18 18 18 18 18 18 18 18 18 18 18 18 18 18 18 18 18 18 18 18 18 18 18 18 18 18 
18 18 18 18 18 18 18 18 28 26 26 27 222 222 222 222 222 221 221 222 222 272 222 222 222 221 222 222 222 221 270 221 222 222 222 222 222 222 221 221 221 222 25 29 18 18 18 18 18 18 18 18 18 18 18 18 18 18 18 18 18 18 18 18 18 18 18 18 18 18 18 18 18 18 18 18 18 18 18 18 18 18 18 18 18 18 18 18 18 18 18 18 18 18 18 18 18 18 18 18 
18 18 18 18 18 18 28 26 27 222 222 270 270 222 222 221 270 222 221 221 221 221 221 221 221 221 221 221 221 221 272 222 222 222 222 222 222 221 222 222 222 221 222 25 26 29 18 18 18 18 18 18 18 18 18 18 18 18 18 18 18 18 18 18 18 18 18 18 18 18 18 18 18 18 18 18 18 18 18 18 18 18 18 18 18 18 18 18 18 18 18 18 18 18 18 18 18 18 18 18 
18 18 18 18 18 28 27 222 270 270 222 272 262 264 269 222 272 222 221 221 221 221 221 222 270 221 221 221 221 221 221 221 221 221 270 221 221 221 270 222 222 221 222 222 222 25 29 18 18 18 18 18 18 18 18 18 18 18 18 18 18 18 18 18 18 18 18 18 18 18 18 18 18 18 18 18 18 18 18 18 18 18 18 18 18 18 18 18 18 18 18 18 18 18 18 18 18 18 18 18 
18 18 18 28 26 27 222 222 262 256 269 220 261 260 265 222 222 222 222 221 221 221 222 222 272 222 222 221 221 222 270 222 222 221 272 222 221 221 272 221 221 221 221 221 221 222 25 26 29 18 18 18 18 18 18 18 18 18 18 18 18 18 18 18 18 18 18 18 18 18 18 18 18 18 18 18 18 18 18 18 18 18 18 18 18 18 18 18 18 18 18 18 18 18 18 18 18 18 18 18 
18 18 18 24 222 222 222 222 261 260 266 221 222 222 222 222 222 221 221 222 222 222 222 222 222 222 221 222 222 222 272 222 222 221 222 222 222 221 270 221 221 221 221 221 221 222 222 222 25 26 29 18 18 18 18 18 18 18 18 18 18 18 18 18 18 18 18 18 18 18 18 18 18 18 28 26 26 26 26 26 26 26 26 26 26 26 26 26 26 26 26 29 18 18 18 18 18 18 18 18 
18 18 28 27 222 222 222 91 92 92 92 92 92 98 221 221 270 222 221 222 222 222 222 222 222 221 222 222 222 222 222 222 221 221 222 222 222 222 272 221 221 221 221 221 222 270 222 222 222 222 25 29 18 18 18 18 18 18 18 18 18 18 18 18 18 18 18 18 18 18 18 18 28 26 27 221 221 221 221 221 221 221 221 221 221 221 221 221 221 221 221 25 29 18 18 18 18 18 18 18 
18 28 27 222 222 222 221 100 105 105 105 105 105 102 221 221 272 222 222 222 222 222 222 222 222 221 221 270 222 222 222 270 222 222 222 221 221 221 221 221 222 221 222 221 222 272 221 222 222 222 222 23 18 18 18 18 18 18 18 18 18 18 18 18 18 18 18 18 18 18 18 18 24 221 221 221 221 221 221 221 221 221 221 221 221 221 221 221 221 221 221 221 23 18 18 18 18 18 18 18 
18 24 222 222 222 221 222 100 34 34 34 34 34 102 222 221 221 222 222 221 221 222 222 222 222 222 222 272 221 221 221 272 222 221 222 222 222 222 221 221 222 221 222 221 221 222 270 221 222 270 222 25 29 18 18 18 18 18 18 18 18 18 28 26 26 26 26 26 26 29 18 28 27 221 221 221 221 221 221 221 221 221 221 221 221 270 221 221 270 221 221 221 23 18 18 18 18 18 18 18 
18 24 222 222 221 221 222 100 34 34 34 34 34 102 222 221 222 222 222 222 222 270 222 222 222 221 222 221 222 222 221 221 221 221 221 270 222 222 221 221 270 221 222 222 221 222 272 222 222 272 222 222 23 18 18 18 18 18 18 18 18 28 27 221 221 221 221 221 221 25 26 27 221 221 221 221 221 221 221 221 221 221 221 221 221 272 221 221 272 221 221 221 23 18 18 18 18 18 18 18 
28 27 222 222 221 222 222 100 34 34 34 34 34 102 221 222 222 222 221 221 221 272 221 221 222 221 221 222 221 222 221 221 221 222 222 272 222 222 221 221 272 221 222 222 222 221 221 222 221 222 270 222 25 29 18 18 18 18 18 18 18 24 221 221 221 221 221 221 221 221 221 221 221 221 221 221 270 221 221 221 221 221 270 221 221 221 270 221 221 270 221 221 23 18 18 18 18 18 18 18 
24 222 222 222 221 222 222 96 34 34 34 34 34 95 222 222 222 221 221 222 221 222 221 222 222 221 221 222 221 270 221 221 222 222 222 222 222 221 221 221 221 221 222 221 222 270 221 222 222 221 272 221 222 23 18 18 18 18 18 18 28 27 221 221 221 221 221 221 221 221 221 221 221 221 221 221 272 221 221 221 221 221 272 221 221 221 272 221 221 272 221 221 23 18 18 18 18 18 18 18 
24 222 222 270 222 222 222 222 222 272 222 222 221 222 222 222 222 222 222 222 222 222 222 222 222 221 221 222 221 272 221 221 222 221 222 221 221 222 222 222 221 221 221 222 221 272 221 222 222 222 222 221 222 25 29 18 18 18 18 28 27 221 221 221 221 270 221 221 221 221 221 270 221 221 221 221 221 221 221 221 221 221 221 221 221 221 221 221 270 221 221 221 23 18 18 18 18 18 18 18 
24 222 222 272 222 221 221 222 221 222 222 222 222 222 221 270 221 222 222 222 222 222 222 222 222 222 222 222 222 222 222 222 222 221 221 221 221 222 221 221 221 222 222 221 221 221 221 221 222 221 222 221 221 221 23 18 18 18 28 27 221 221 221 221 221 272 221 221 221 221 221 272 221 221 221 221 221 221 221 221 221 221 221 221 221 221 221 221 272 221 221 221 23 18 18 18 18 18 18 18 
24 222 222 222 222 222 222 222 222 221 221 221 221 221 221 272 221 222 222 222 221 221 222 222 270 221 221 221 222 222 221 221 222 221 222 221 222 222 222 270 221 221 222 221 221 222 222 222 222 222 222 221 270 221 23 18 18 18 24 221 221 221 270 221 221 270 221 221 221 270 221 221 221 221 221 221 221 221 270 221 221 221 221 221 270 221 221 221 221 221 221 270 23 18 18 18 18 18 18 18 
24 222 222 270 221 221 222 222 222 222 222 221 221 221 221 221 221 221 221 222 222 222 222 221 272 221 221 221 222 222 221 221 222 270 270 222 221 221 221 272 270 222 222 222 222 222 222 222 222 270 222 222 272 221 25 26 26 26 27 221 221 221 272 221 221 272 221 221 221 272 221 221 221 221 221 221 221 221 272 221 221 221 221 221 272 221 221 221 270 221 221 272 23 18 18 18 18 18 18 18 
24 222 221 272 221 221 221 222 222 221 270 221 222 221 221 221 222 222 222 222 222 222 222 222 222 221 221 222 222 221 222 221 222 272 272 222 221 221 221 221 272 221 221 221 222 222 222 221 222 272 222 222 222 221 221 221 221 221 221 221 221 221 221 221 221 221 221 221 221 221 270 270 221 221 197 221 221 221 221 221 221 221 221 221 221 221 221 221 272 221 221 221 23 18 18 18 18 18 18 18 
24 222 222 221 221 221 221 221 221 222 272 222 222 222 221 222 222 222 221 221 221 221 221 221 221 270 222 221 221 222 221 221 221 221 221 221 222 221 222 221 222 221 222 221 270 222 221 221 222 222 222 222 222 221 221 221 221 221 221 221 221 221 221 221 221 221 221 197 221 221 272 272 197 221 221 221 221 221 221 197 221 221 221 197 221 221 221 221 221 221 221 221 23 18 18 18 18 18 18 18 
24 222 222 221 221 222 222 222 222 222 222 222 222 222 221 221 221 221 221 270 221 221 222 222 222 272 222 222 222 222 221 221 222 222 222 222 222 222 221 221 221 221 221 222 272 222 270 221 222 222 221 221 221 221 221 221 221 221 221 221 221 221 221 221 221 221 197 197 197 221 221 197 221 221 197 197 221 221 221 221 221 221 221 221 221 221 221 221 221 221 221 20 31 18 18 18 18 18 18 18 
24 222 221 221 222 222 222 190 222 222 220 222 190 220 222 190 222 222 221 220 222 190 222 222 221 221 221 222 220 222 222 221 222 222 222 222 190 222 222 222 222 222 221 221 221 221 272 221 221 270 222 222 222 221 221 221 221 221 221 221 221 221 221 221 197 221 197 221 221 197 221 221 221 221 221 221 221 197 221 221 197 197 221 221 197 221 221 197 221 221 221 23 18 18 18 18 18 18 18 18 
24 222 222 222 222 190 222 222 190 222 222 220 190 222 220 222 222 220 222 221 221 270 222 221 221 221 222 190 222 220 222 222 190 222 190 220 222 222 190 221 222 190 222 221 270 221 221 221 222 272 222 270 222 20 22 221 221 221 221 221 221 221 221 221 197 197 221 221 221 197 221 197 221 197 221 197 221 197 221 221 197 197 221 197 221 197 221 197 221 221 20 31 18 18 18 18 18 18 18 18 
24 222 220 190 220 222 220 222 220 222 190 222 220 190 220 220 190 221 222 190 222 272 190 222 222 221 190 190 222 190 222 190 190 222 190 222 190 190 222 221 221 221 221 220 272 222 270 221 222 222 222 272 221 23 30 21 22 221 221 221 221 221 221 221 221 221 197 221 197 221 197 221 197 197 221 221 197 221 197 221 197 221 197 197 221 197 221 197 197 20 31 18 18 18 18 18 18 18 18 18 
24 220 222 222 222 190 222 220 190 222 222 190 190 222 222 222 190 222 221 222 190 221 222 221 190 222 222 221 221 221 222 190 222 190 222 220 190 190 222 190 221 222 190 222 220 221 272 221 222 222 222 20 21 31 18 18 30 21 22 221 221 221 20 22 221 197 197 221 221 197 197 197 221 197 197 221 221 197 197 221 221 197 197 197 221 197 197 221 197 25 29 18 18 18 18 18 18 18 18 18 
24 222 222 190 222 190 190 222 222 222 222 190 222 190 190 222 222 222 190 222 222 222 190 222 222 222 190 190 222 221 190 222 222 222 190 190 222 222 190 222 190 222 222 190 190 222 221 221 190 222 222 23 18 18 18 18 18 18 30 21 21 21 31 24 197 197 197 197 197 172 173 174 197 197 197 197 197 197 197 197 197 197 197 197 197 197 197 197 197 197 23 18 18 18 18 18 18 18 18 18 
24 220 222 221 222 222 189 220 189 220 189 221 222 221 222 189 220 221 221 221 221 221 189 189 221 189 220 189 189 189 221 220 189 221 189 221 189 222 189 221 222 189 221 222 220 189 190 190 190 20 21 31 18 18 18 18 18 18 18 18 18 18 18 24 197 172 173 173 173 195 195 195 174 197 197 197 197 20 21 22 197 197 197 197 197 197 197 197 20 21 31 18 18 18 18 18 18 18 18 18 
30 22 189 222 220 189 222 189 221 189 189 221 189 221 220 221 189 189 220 222 221 222 221 221 189 222 189 189 220 189 221 189 221 222 189 189 221 189 221 222 221 222 221 189 189 189 221 230 221 23 18 18 18 18 18 18 18 18 18 18 18 18 18 24 197 181 195 195 195 195 277 277 183 197 197 197 197 23 18 30 21 21 21 21 21 21 21 21 31 18 18 18 18 18 18 18 18 18 18 18 
18 24 222 221 189 192 185 173 173 174 189 189 189 189 192 192 192 190 190 190 190 190 192 221 221 189 189 189 189 189 189 221 189 222 189 172 277 178 192 220 221 189 221 189 220 22 190 234 222 23 18 18 18 18 18 18 18 18 18 18 18 18 18 24 197 197 181 182 182 182 182 183 197 20 21 21 21 31 18 18 18 18 18 18 18 18 18 18 18 18 18 18 18 18 18 18 18 18 18 18 
18 30 22 189 222 221 192 181 277 274 174 189 220 189 189 172 173 173 173 173 174 189 220 222 192 220 192 172 173 173 173 174 222 221 192 176 195 195 174 190 222 222 190 189 20 24 221 234 190 23 18 18 18 18 18 18 18 18 18 18 18 18 18 30 22 197 197 197 197 197 197 197 20 31 18 18 18 18 18 18 18 18 18 18 18 18 18 18 18 18 18 18 18 18 18 18 18 18 18 18 
18 18 30 22 189 220 190 190 176 278 178 192 220 220 189 176 275 274 274 278 274 174 189 221 222 189 190 176 274 278 277 178 190 190 222 181 195 278 182 187 192 192 192 20 31 24 222 234 221 23 18 18 18 18 18 18 18 18 18 18 18 18 18 18 30 21 21 21 21 21 21 21 31 18 18 18 18 18 18 18 18 18 18 18 18 18 18 18 18 18 18 18 18 18 18 18 18 18 18 18 
18 18 18 24 189 189 190 172 274 275 178 220 192 192 172 275 274 275 277 274 275 178 190 190 190 190 172 274 275 277 274 195 174 189 192 190 181 183 189 189 189 189 189 23 18 24 190 234 222 23 18 18 18 18 18 18 18 18 18 18 18 18 18 18 18 18 18 18 18 18 18 18 18 18 18 18 18 18 18 18 18 18 18 18 18 18 18 18 18 18 18 18 18 18 18 18 18 18 18 18 
18 18 18 30 22 189 189 181 182 274 183 189 189 172 275 274 275 278 275 275 274 183 190 190 192 190 176 278 278 275 277 278 195 187 192 189 192 189 189 20 21 21 21 31 28 27 190 234 221 23 18 18 18 18 18 18 18 18 18 18 18 18 18 18 18 18 18 18 18 18 18 18 18 18 18 18 18 18 18 18 18 18 18 18 18 18 18 18 18 18 18 18 18 18 18 18 18 18 18 18 
18 18 18 18 30 22 189 189 192 179 189 189 189 176 274 278 275 274 277 275 183 190 190 190 192 190 176 274 275 278 275 182 183 189 189 189 189 20 21 31 18 18 18 18 24 221 190 234 190 23 18 18 18 18 18 18 18 18 18 18 18 18 18 18 18 18 18 18 18 18 18 18 18 18 18 18 18 18 18 18 18 18 18 18 18 18 18 18 18 18 18 18 18 18 18 18 18 18 18 18 
18 18 18 18 18 30 22 189 189 184 189 192 172 195 275 182 182 182 182 183 190 189 172 174 192 192 181 182 182 182 183 189 192 192 192 192 20 31 18 18 18 18 18 28 27 190 190 234 221 25 26 26 29 18 18 18 18 18 18 18 18 18 18 18 18 18 18 18 18 18 18 18 18 18 18 18 18 18 18 18 18 18 18 18 18 18 18 18 18 18 18 18 18 18 18 18 18 18 18 18 
18 18 18 18 18 18 24 189 189 192 189 189 181 182 183 192 192 190 189 189 189 189 176 278 174 190 189 190 190 189 189 189 189 189 20 21 31 18 18 18 18 28 26 27 190 190 190 234 190 190 190 190 25 26 29 18 18 18 18 18 18 18 18 18 18 18 18 18 18 18 18 18 18 18 18 18 18 18 18 18 18 18 18 18 18 18 18 18 18 18 18 18 18 18 18 18 18 18 18 18 
18 18 18 18 18 18 30 22 189 192 189 190 192 189 189 192 192 189 189 189 189 185 182 182 183 190 190 190 189 20 21 21 21 21 31 18 18 18 18 18 28 27 190 197 190 190 190 234 190 197 190 197 190 190 25 29 18 18 18 18 18 18 18 18 18 18 18 18 18 18 18 18 18 18 18 18 18 18 18 18 18 18 18 18 18 18 18 18 18 18 18 1 18 18 18 18 18 18 18 18 
18 18 18 18 18 18 18 24 189 192 192 189 192 189 189 189 189 189 189 189 189 189 189 189 189 190 189 189 20 31 18 18 18 18 18 18 18 18 18 28 27 190 190 190 190 197 190 234 190 190 190 190 190 190 190 23 18 18 18 18 18 18 18 18 18 18 18 18 18 18 18 18 18 18 18 18 18 18 18 18 18 18 18 18 18 18 18 18 18 18 18 18 18 18 18 18 18 18 18 18 
18 18 18 18 18 18 18 24 189 189 192 189 192 190 189 189 20 21 21 21 21 21 21 21 21 21 21 21 31 18 18 18 18 18 18 18 18 18 18 24 190 192 189 189 192 190 190 234 190 197 190 190 192 197 190 23 18 18 18 18 18 18 18 18 18 18 18 18 18 18 18 18 18 18 18 18 18 18 18 18 18 18 18 18 18 18 18 18 18 18 18 18 18 18 18 18 18 18 18 18 
18 18 18 18 18 18 18 30 22 189 192 192 192 189 16 189 23 18 18 18 18 18 18 18 18 18 18 18 18 18 18 18 18 18 18 18 18 18 18 24 192 197 190 190 190 192 190 234 190 190 32 32 32 190 197 23 18 18 18 18 18 18 18 18 18 18 18 18 18 18 18 18 18 18 18 18 18 18 18 18 18 18 18 18 18 18 18 18 18 18 18 18 18 18 18 18 18 18 18 18 
18 18 18 18 18 18 18 18 24 16 189 190 190 190 190 20 31 18 18 18 18 18 18 18 18 18 18 18 18 18 18 18 18 18 18 18 18 18 18 24 190 190 226 241 241 241 241 237 190 192 32 33 32 190 190 23 18 18 18 18 18 18 18 18 18 18 18 18 18 18 18 18 18 18 18 18 18 18 18 18 18 18 18 18 18 18 18 18 18 18 18 18 18 18 18 18 18 18 18 18 
18 18 18 18 18 18 18 18 24 189 189 190 189 189 189 23 18 18 18 18 18 18 18 18 18 18 18 18 18 18 18 18 18 18 18 18 18 18 18 24 190 190 234 190 190 190 175 190 190 190 32 175 32 192 192 23 18 18 18 18 18 18 18 18 18 18 18 18 18 18 18 18 18 18 18 18 18 18 18 18 18 18 18 18 18 18 18 18 18 18 18 18 18 18 18 18 18 18 18 18 
18 18 18 18 18 18 18 18 24 244 189 190 189 16 20 31 18 18 18 18 18 18 18 18 18 18 18 18 18 18 18 18 18 18 18 18 18 18 18 24 190 190 234 190 190 190 179 190 197 190 190 179 190 197 190 23 18 18 18 18 18 18 18 18 18 18 18 18 18 18 18 18 18 18 18 18 18 18 18 18 18 18 18 18 18 18 18 18 18 18 18 18 18 18 18 18 18 18 18 18 
18 18 18 18 18 18 18 18 24 189 244 189 189 244 23 18 18 18 18 18 18 18 18 18 18 18 18 18 18 18 18 18 18 18 18 18 18 18 18 30 22 190 234 190 190 190 181 186 186 186 186 183 190 190 20 31 18 18 18 18 18 18 18 18 18 18 18 18 18 18 18 18 18 18 18 18 18 18 18 18 18 18 18 18 18 18 18 18 18 18 18 18 18 18 18 18 18 18 18 18 
18 18 18 18 18 18 18 18 24 244 244 244 244 244 23 18 18 18 18 18 18 18 18 18 18 18 28 26 26 26 26 26 26 26 26 26 26 29 18 18 24 246 234 190 247 190 190 190 190 190 190 190 20 21 31 18 18 18 18 18 18 18 18 18 18 18 18 18 18 18 18 18 18 18 18 18 18 18 18 18 18 18 18 18 18 18 18 18 18 18 18 18 18 18 18 18 18 18 18 18 
18 18 18 18 18 18 18 18 30 22 230 244 244 16 23 18 18 18 18 18 18 18 18 18 18 18 24 192 245 190 245 16 192 16 245 16 190 25 29 18 24 190 234 246 190 190 238 190 190 20 21 21 31 18 18 18 18 18 18 18 18 18 18 18 18 18 18 18 18 18 18 18 18 18 18 18 18 18 18 18 18 18 18 18 18 18 18 18 18 18 18 18 18 18 18 18 18 18 18 18 
18 18 18 18 18 18 18 18 18 24 231 229 244 20 31 18 18 18 18 18 18 18 18 18 28 26 27 245 16 192 16 244 16 16 16 16 192 245 23 18 24 190 234 190 238 190 20 21 21 31 18 18 18 18 18 18 18 18 18 18 18 18 18 18 18 18 18 18 18 18 18 18 18 18 18 18 18 18 18 18 18 18 18 18 18 18 18 18 18 18 18 18 18 18 18 18 18 18 18 18 
18 18 18 18 18 18 18 18 18 24 231 216 229 23 18 18 18 18 18 18 18 18 18 18 24 245 245 245 244 16 16 16 247 244 16 16 16 245 23 28 27 190 234 238 20 21 31 18 18 18 18 18 18 18 18 18 18 18 18 18 18 18 18 18 18 18 18 18 18 18 18 18 18 18 18 18 18 18 18 18 18 18 18 18 18 18 18 18 18 18 18 18 18 18 18 18 18 18 18 18 
18 18 18 18 18 18 18 18 18 24 231 216 233 23 18 18 18 18 18 18 18 18 18 18 24 245 245 16 244 243 16 246 247 244 247 192 238 247 25 27 190 246 234 190 25 29 18 18 18 18 18 18 18 18 18 18 18 18 18 18 18 18 18 18 18 18 18 18 18 18 18 18 18 18 18 18 18 18 18 18 18 18 18 18 18 18 18 18 18 18 18 18 18 18 18 18 18 18 18 18 
18 18 18 18 18 18 18 18 18 24 231 227 233 25 26 26 26 26 26 26 26 26 26 26 27 244 244 244 245 244 247 244 244 246 244 244 244 243 244 246 192 244 234 244 16 25 29 18 18 18 18 18 18 18 18 18 18 18 18 18 18 18 18 18 18 18 18 18 18 18 18 18 18 18 18 18 18 18 18 18 18 18 18 18 18 18 18 18 18 18 18 18 18 18 18 18 18 18 18 18 
18 18 18 18 18 18 18 18 18 24 231 227 227 228 228 229 244 244 244 245 245 245 245 247 245 244 244 244 245 244 244 245 244 244 244 247 244 246 244 246 245 190 234 244 190 190 23 18 18 18 18 18 18 18 18 18 18 18 18 18 18 18 18 18 18 18 18 18 18 18 18 18 18 18 18 18 18 18 18 18 18 18 18 18 18 18 18 18 18 18 18 18 18 18 18 18 18 18 18 18 
18 18 18 18 18 18 18 18 18 24 231 227 227 227 227 227 241 241 241 241 241 241 241 241 241 241 241 241 241 241 241 241 241 241 241 241 241 241 241 241 241 241 237 244 244 244 23 18 18 18 18 18 18 18 18 18 18 18 18 18 18 18 18 18 18 18 18 18 18 18 18 18 18 18 18 18 18 18 18 18 18 18 18 18 18 18 18 18 18 18 18 18 18 18 18 18 18 18 18 18 
18 18 18 18 18 18 18 18 18 24 231 227 227 236 236 237 244 244 244 244 244 244 244 244 244 244 244 244 247 244 244 246 244 244 244 246 244 244 238 244 238 244 244 246 244 20 31 18 18 18 18 18 18 18 18 18 18 18 18 18 18 18 18 18 18 18 18 18 18 18 18 18 18 18 18 18 18 18 18 18 18 18 18 18 18 18 18 18 18 18 18 18 18 18 18 18 18 18 18 221 
18 18 18 18 18 18 18 18 18 24 231 227 233 20 21 21 21 21 21 21 21 21 21 21 22 245 245 244 238 244 243 244 247 244 245 244 246 246 244 244 244 244 244 244 20 31 18 18 18 18 18 18 18 18 18 18 18 18 18 18 18 18 18 18 18 18 18 18 18 18 18 18 18 18 18 18 18 18 18 18 18 18 18 18 18 18 18 18 18 18 18 18 18 18 18 18 18 18 18 18 
18 18 18 18 18 18 18 18 18 24 231 227 233 23 18 18 18 18 18 18 18 18 18 18 24 245 245 245 244 244 246 244 244 238 244 244 244 238 244 20 22 244 16 20 31 18 18 18 18 18 18 18 18 18 18 18 18 18 18 18 18 18 18 18 18 18 18 18 18 18 18 18 18 18 18 18 18 18 18 18 18 18 18 18 18 18 18 18 18 18 18 18 18 18 18 18 18 18 18 18 
18 18 18 18 18 18 18 18 18 24 231 227 233 23 18 18 18 18 18 18 18 18 18 18 24 245 247 245 247 244 244 244 247 244 247 243 247 244 244 23 30 21 21 31 18 18 18 18 18 18 18 18 18 18 18 18 18 18 18 18 18 18 18 18 18 18 18 18 18 18 18 18 18 18 18 18 18 18 18 18 18 18 18 18 18 18 18 18 18 18 18 18 18 18 18 18 18 18 18 18 
18 18 18 18 18 18 18 18 18 24 231 227 233 23 18 18 18 18 18 18 18 18 18 18 24 245 16 245 245 247 247 244 246 244 244 244 244 244 245 23 18 18 18 18 18 18 18 18 18 18 18 18 18 18 18 18 18 18 18 18 18 18 18 18 18 18 18 18 18 18 18 18 18 18 18 18 18 18 18 18 18 18 18 18 18 18 18 18 18 18 18 18 18 18 18 18 18 18 18 18 
18 18 18 18 18 18 18 18 18 24 231 227 233 23 18 18 18 18 18 18 18 18 18 18 24 245 245 16 245 16 245 16 245 247 16 245 245 245 245 23 18 18 18 18 18 18 18 18 18 18 18 18 18 18 18 18 18 18 18 18 18 18 18 18 18 18 18 18 18 18 18 18 18 18 18 18 18 18 18 18 18 18 18 18 18 18 18 18 18 18 18 18 18 18 18 18 18 18 18 18 
18 18 18 18 18 18 18 18 18 24 231 227 233 23 18 18 18 18 18 18 18 18 18 18 24 16 245 16 16 244 16 244 16 16 245 16 245 16 245 23 18 18 18 18 18 18 18 18 18 18 18 18 18 18 18 18 18 18 18 18 18 18 18 18 18 18 18 18 18 18 18 18 18 18 18 18 18 18 18 18 18 18 18 18 18 18 18 18 18 18 18 18 18 18 18 18 18 18 18 18 
18 18 18 18 18 18 18 18 18 24 231 227 233 23 18 18 18 18 18 18 18 18 18 18 24 245 245 16 244 16 244 16 16 16 20 21 21 21 21 31 18 18 18 18 18 18 18 18 18 18 18 18 18 18 18 18 18 18 18 18 18 18 18 18 18 18 18 18 18 18 18 18 18 18 18 18 18 18 18 18 18 18 18 18 18 18 18 18 18 18 18 18 18 18 18 18 18 18 18 18 
18 18 18 18 18 18 18 18 18 24 231 227 233 23 18 18 18 18 18 18 18 18 18 18 24 244 16 244 16 244 244 16 244 20 31 18 18 18 18 18 18 18 18 18 18 18 18 18 18 18 18 18 18 18 18 18 18 18 18 18 18 18 18 18 18 18 18 18 18 18 18 18 18 18 18 18 18 18 18 18 18 18 18 18 18 18 18 18 18 18 18 18 18 18 18 18 18 18 18 18 
18 18 18 18 18 18 18 18 18 24 231 227 233 23 18 18 18 18 18 18 18 18 18 18 30 21 21 21 21 21 21 21 21 31 18 18 18 18 18 18 18 18 18 18 18 18 18 18 18 18 18 18 18 18 18 18 18 18 18 18 18 18 18 18 18 18 18 18 18 18 18 18 18 18 18 18 18 18 18 18 18 18 18 18 18 18 18 18 18 18 18 18 18 18 18 18 18 18 18 18 
18 18 18 18 18 18 18 18 18 24 231 227 233 23 18 18 18 18 18 18 18 18 18 18 18 18 18 18 18 18 18 18 18 18 18 18 18 18 18 18 18 18 18 18 18 18 18 18 18 18 18 18 18 18 18 18 18 18 18 18 18 18 18 18 18 18 18 18 18 18 18 18 18 18 18 18 18 18 18 18 18 18 18 18 18 18 18 18 18 18 18 18 18 18 18 18 18 18 18 18 
18 18 18 18 18 18 18 18 18 24 231 227 233 23 18 18 18 18 18 18 18 18 18 18 18 18 18 18 18 18 18 18 18 18 18 18 18 18 18 18 18 18 18 18 18 18 18 18 18 18 18 18 18 18 18 18 18 18 18 18 18 18 18 18 18 18 18 18 18 18 18 18 18 18 18 18 18 18 18 18 18 18 18 18 18 18 18 18 18 18 18 18 18 18 18 18 18 18 18 18 
18 18 18 18 18 18 18 18 18 24 231 227 233 23 18 18 18 18 18 18 18 18 18 18 18 18 18 18 18 18 18 18 18 18 18 18 18 18 18 18 18 18 18 18 18 18 18 18 18 18 18 18 18 18 18 18 18 18 18 18 18 18 18 18 18 18 18 18 18 18 18 18 18 18 18 18 18 18 18 18 18 18 18 18 18 18 18 18 18 18 18 18 18 18 18 18 18 18 18 18 
18 18 18 18 18 18 18 18 18 24 231 227 233 23 18 18 18 18 18 18 18 18 18 18 18 18 18 18 18 18 18 18 18 18 18 18 18 18 18 18 18 18 18 18 18 18 18 18 18 18 18 18 18 18 18 18 18 18 18 18 18 18 18 18 18 18 18 18 18 18 18 18 18 18 18 18 18 18 18 18 18 18 18 18 18 18 18 18 18 18 18 18 18 18 18 18 18 18 18 18 
18 18 18 18 18 18 18 18 18 24 231 227 233 23 18 18 18 18 18 18 18 18 18 18 18 18 18 18 18 18 18 18 18 18 18 18 18 18 18 18 18 18 18 18 18 18 18 18 18 18 18 18 18 18 18 18 18 18 18 18 18 18 18 18 18 18 18 18 18 18 18 18 18 18 18 18 18 18 18 18 18 18 18 18 18 18 18 18 18 18 18 18 18 18 18 18 18 18 18 18 
18 18 18 18 18 18 18 18 18 24 231 227 233 23 18 18 18 18 18 18 18 18 18 18 18 18 18 18 18 18 18 18 18 18 18 18 18 18 18 18 18 18 18 18 18 18 18 18 18 18 18 18 18 18 18 18 18 18 18 18 18 18 18 18 18 18 18 18 18 18 18 18 18 18 18 18 18 18 18 18 18 18 18 18 18 18 18 18 18 18 18 18 18 18 18 18 18 18 18 18 
18 18 18 18 18 18 18 18 18 24 231 227 233 23 18 18 18 18 18 18 18 18 18 18 18 18 18 18 18 18 18 18 18 18 18 18 18 28 26 26 26 26 26 26 26 26 26 29 18 18 18 18 18 18 18 18 18 18 18 18 18 18 18 18 18 18 18 18 18 18 18 18 18 18 18 18 18 18 18 18 18 18 18 18 18 18 18 18 18 18 18 18 18 18 18 18 18 18 18 18 
18 18 18 18 18 18 18 18 18 24 231 227 233 23 18 18 18 18 18 18 18 18 18 18 18 18 18 18 18 18 18 18 18 18 28 26 26 27 244 16 16 16 16 16 244 16 16 25 26 29 18 18 18 18 18 18 18 18 18 18 18 18 18 18 18 18 18 18 18 18 18 18 18 18 18 18 18 18 18 18 18 18 18 18 18 18 18 18 18 18 18 18 18 18 18 18 18 18 18 18 
18 18 18 18 18 18 18 18 18 24 231 227 233 23 18 18 18 18 18 18 18 18 18 18 18 18 18 18 18 18 18 18 28 26 27 244 244 244 16 16 16 247 16 244 244 16 16 247 244 25 29 18 18 18 18 18 18 18 18 18 18 18 18 18 18 18 18 18 18 18 18 18 18 18 18 18 18 18 18 18 18 18 18 18 18 18 18 18 18 18 18 18 18 18 18 18 18 18 18 18 
18 18 18 18 18 18 18 18 18 24 231 227 233 23 18 18 18 18 18 18 18 18 18 18 18 18 18 18 18 18 18 28 27 244 244 16 16 16 16 247 244 244 244 16 244 244 244 247 244 16 25 26 29 18 18 18 18 18 18 18 18 18 18 18 18 18 18 18 18 18 18 18 18 18 18 18 18 18 18 18 18 18 18 18 18 18 18 18 18 18 18 18 18 18 18 18 18 18 18 18 
18 18 18 18 18 18 28 26 26 27 231 227 233 25 26 29 18 18 18 18 18 18 18 18 18 18 18 18 18 28 26 27 244 244 16 244 244 244 244 244 16 244 244 16 244 16 244 244 244 16 16 244 25 29 18 18 18 18 18 18 18 18 18 18 18 18 18 18 18 18 18 18 18 18 18 18 18 18 18 18 18 18 18 18 18 18 18 18 18 18 18 18 18 18 18 18 18 18 18 18 
18 18 18 18 18 28 27 247 244 244 231 227 233 244 244 25 26 29 18 18 18 18 18 18 18 18 18 18 28 27 16 16 247 16 16 244 244 244 244 244 244 16 244 154 244 244 244 244 16 244 247 16 244 23 18 18 18 18 18 18 18 18 18 18 18 18 18 18 18 18 18 18 18 18 18 18 18 18 18 18 18 18 18 18 18 18 18 18 18 18 18 18 18 18 18 18 18 18 18 18 
18 18 18 18 28 27 244 245 238 245 231 216 233 244 245 245 247 25 29 18 18 18 18 18 18 18 18 18 24 244 16 244 244 244 244 244 16 244 244 244 244 157 157 157 157 157 247 244 244 244 244 244 244 23 18 18 18 18 18 18 18 18 18 18 18 18 18 18 18 18 18 18 18 18 18 18 18 18 18 18 18 18 18 18 18 18 18 18 18 18 18 18 18 18 18 18 18 18 18 18 
18 18 18 18 24 244 247 238 245 245 231 227 233 245 245 16 244 244 25 26 26 26 26 26 26 26 26 26 27 244 244 244 244 244 16 244 244 244 247 154 157 157 158 156 154 156 156 157 157 244 244 244 16 25 29 18 18 18 18 18 18 18 18 18 18 18 18 18 18 18 18 18 18 18 18 18 18 18 18 18 18 18 18 18 18 18 18 18 18 18 18 18 18 18 18 18 18 18 18 18 
18 18 18 28 27 32 32 32 32 32 231 216 233 245 244 245 16 245 16 238 246 244 245 247 246 238 244 247 245 244 244 244 244 244 244 244 244 244 157 157 156 158 157 156 157 158 156 154 157 247 244 244 16 244 23 18 18 18 18 18 18 18 18 18 18 18 18 18 18 18 18 18 18 18 18 18 18 18 18 18 18 18 18 18 18 18 18 18 18 18 18 18 18 18 18 18 18 18 18 18 
18 18 18 24 244 32 34 34 34 32 231 248 216 241 241 241 241 241 241 241 241 241 241 241 241 241 241 241 241 242 244 244 244 244 244 244 244 244 157 154 156 154 156 154 157 156 156 157 158 157 16 244 16 244 23 18 18 18 18 18 18 18 18 18 18 18 18 18 18 18 18 18 18 18 18 18 18 18 18 18 18 18 18 18 18 18 18 18 18 18 18 18 18 18 18 18 18 18 18 18 
18 18 18 24 16 32 34 33 34 32 231 248 233 244 238 245 16 245 247 245 246 238 247 244 245 246 245 246 238 244 244 244 244 244 244 244 244 244 244 157 156 156 156 156 158 156 154 156 156 157 244 244 247 244 25 18 18 18 18 18 18 18 18 18 18 18 18 18 18 18 18 18 18 18 18 18 18 18 18 18 18 18 18 18 18 18 18 18 18 18 18 18 18 18 18 18 18 18 18 18 
18 18 18 24 247 32 32 34 32 32 235 216 237 20 22 16 245 244 244 20 21 21 21 21 21 21 21 21 22 16 244 244 244 244 244 16 16 16 244 157 158 156 154 156 156 156 156 156 157 157 157 244 244 244 244 23 18 18 18 18 18 18 18 18 18 18 18 18 18 18 18 18 18 18 18 18 18 18 18 18 18 18 18 18 18 18 18 18 18 18 18 18 18 18 18 18 18 18 18 18 
18 18 18 24 244 244 245 230 2 245 245 234 244 23 30 22 247 244 20 31 18 18 18 18 18 18 18 18 24 16 16 244 244 244 244 244 244 244 244 157 156 157 154 156 156 156 156 158 157 247 244 16 244 244 16 23 18 18 18 18 18 18 18 18 18 18 18 18 18 18 18 18 18 18 18 18 18 18 18 18 18 18 18 18 18 18 18 18 18 18 18 18 18 18 18 18 18 18 18 18 
18 18 18 30 21 22 244 235 241 241 241 237 244 23 19 30 22 245 23 18 18 18 18 18 18 18 18 18 30 21 22 244 16 16 16 244 244 16 244 247 244 247 244 157 158 157 157 156 16 244 244 244 244 244 16 23 18 18 18 18 18 18 18 18 18 18 18 18 18 18 18 18 18 18 18 18 18 18 18 18 18 18 18 18 18 18 18 18 18 18 18 18 18 18 18 18 18 18 18 18 
18 18 18 18 18 30 22 245 245 244 245 245 238 25 26 26 27 20 31 18 18 18 18 18 18 18 18 18 18 18 30 21 22 244 16 247 244 244 244 244 244 244 244 16 244 247 244 16 244 244 244 244 244 247 16 23 18 18 18 18 18 18 18 18 18 18 18 18 18 18 18 18 18 18 18 18 18 18 18 18 18 18 18 18 18 18 18 18 18 18 18 18 18 18 18 18 18 18 18 18 
18 18 18 18 18 18 30 22 247 243 244 238 245 244 245 20 21 31 18 18 18 18 18 18 18 18 18 18 18 18 18 18 24 16 247 247 247 244 244 244 16 244 244 244 244 244 244 244 244 244 244 16 16 244 244 23 18 18 18 18 18 18 18 18 18 18 18 18 18 18 18 18 18 18 18 18 18 18 18 18 18 18 18 18 18 18 18 18 18 18 18 18 18 18 18 18 18 18 18 18 
18 18 18 18 18 18 18 30 21 21 21 21 21 21 21 31 18 18 18 18 18 18 18 18 18 18 18 18 18 18 18 18 30 21 22 244 16 16 247 244 16 16 244 247 244 244 244 247 16 244 16 16 20 21 21 31 18 18 18 18 18 18 18 18 18 18 18 18 18 18 18 18 18 18 18 18 18 18 18 18 18 18 18 18 18 18 18 18 18 18 18 18 18 18 18 18 18 18 18 18 
18 18 18 18 18 18 18 18 18 18 18 18 18 18 18 18 18 18 18 18 18 18 18 18 18 18 18 18 18 18 18 18 18 18 30 21 21 21 22 16 16 244 16 16 244 16 16 244 16 16 20 21 31 18 18 18 18 18 18 18 18 18 18 18 18 18 18 18 18 18 18 18 18 18 18 18 18 18 18 18 18 18 18 18 18 18 18 18 18 18 18 18 18 18 18 18 18 18 18 18 
18 18 18 18 18 18 18 18 18 18 18 18 18 18 18 18 18 18 18 18 18 18 18 18 18 18 18 18 18 18 18 18 18 18 18 18 18 18 30 21 21 21 21 21 21 21 21 21 21 21 31 18 18 18 18 18 18 18 18 18 18 18 18 18 18 18 18 18 18 18 18 18 18 18 18 18 18 18 18 18 18 18 18 18 18 18 18 18 18 18 18 18 18 18 18 18 18 18 18 18 
